[5.18755019e-02 1.14834309e-03 1.14953518e-03 1.85966492e-05
 2.45273113e-05 9.52303410e-04 9.54598188e-04 5.21147847e-02
 1.13660097e-03 5.91727197e-02 2.97248363e-04 1.43370032e-03
 1.01906061e-03 6.04718924e-04 5.97641170e-02 9.56714153e-04
 1.13657117e-03 2.96235085e-04 5.91702759e-02 1.42517686e-03
 1.01318955e-03 5.98346591e-02 6.05463982e-04 9.61601734e-04
 1.84178352e-05 1.43232942e-03 1.43307447e-03 6.88460171e-02
 6.91597462e-02 1.01491809e-03 1.02540851e-03 2.38120556e-05
 2.39610672e-05 1.01521611e-03 1.01184845e-03 6.91626072e-02
 6.87771142e-02 1.43659115e-03 1.44106150e-03 1.91032887e-05
 9.56624746e-04 6.00248575e-04 5.97448647e-02 1.02037191e-03
 1.43817067e-03 5.91983199e-02 2.99483538e-04 1.14649534e-03
 9.61929560e-04 5.98302484e-02 5.95659018e-04 1.01092458e-03
 1.45220757e-03 2.96473503e-04 5.92072904e-02 1.13031268e-03
 5.21349609e-02 9.59038734e-04 9.55224037e-04 2.40504742e-05
 2.10404396e-05 1.13782287e-03 1.13138556e-03 5.18393815e-02]